version https://git-lfs.github.com/spec/v1
oid sha256:2b74bdb08bd218e67f72354af13ba635e4bf1468df0b7e2d4e3817785ad5fbbc
size 1149613
